step	log_std_min	log_std_mean	log_std_max	std_min	std_mean	std_max	entropy_loss	learning_rate	tensorboard_std_mean
120	-1.999961	-1.997885	-1.996069	0.135341	0.135622	0.135868	0.05210962425917387	2.6337448559670777e-05	0.1356215626001358
240	-1.999961	-1.997244	-1.993471	0.135341	0.135709	0.136222	0.052055498212575914	2.6337448559670777e-05	0.135707825422287
360	-1.999481	-1.996437	-1.992317	0.135406	0.135819	0.136379	0.051978366635739806	2.6337448559670777e-05	0.13581803441047668
480	-1.998956	-1.995983	-1.990415	0.135477	0.135880	0.136639	0.05193768534809351	2.6337448559670777e-05	0.135879784822464
600	-2.000404	-1.995740	-1.990792	0.135281	0.135913	0.136587	0.051909619569778444	2.6337448559670777e-05	0.13591371476650238
720	-2.002094	-1.995401	-1.989754	0.135052	0.135960	0.136729	0.051883075200021264	3.9506172839506166e-05	0.1359594464302063
840	-2.003180	-1.994817	-1.988373	0.134906	0.136039	0.136918	0.051837935112416744	2.6337448559670777e-05	0.13603831827640533
960	-2.003355	-1.994370	-1.986977	0.134882	0.136100	0.137109	0.0517910310998559	3.9506172839506166e-05	0.13610008358955383
1080	-2.003101	-1.994367	-1.986894	0.134916	0.136101	0.137121	0.05179199334233999	2.6337448559670777e-05	0.13610009849071503
1200	-2.003947	-1.994133	-1.986823	0.134802	0.136133	0.137130	0.05176475141197443	1.7558299039780518e-05	0.136133074760437
1320	-2.003421	-1.993449	-1.985946	0.134873	0.136226	0.137251	0.05171070508658886	3.9506172839506166e-05	0.13622577488422394
1440	-2.002322	-1.993243	-1.985139	0.135021	0.136254	0.137362	0.05168964136391878	1.7558299039780518e-05	0.13625402748584747
1560	-2.002093	-1.993047	-1.984573	0.135052	0.136281	0.137439	0.05167386904358864	3.9506172839506166e-05	0.13628044724464417
1680	-2.002473	-1.993016	-1.983953	0.135001	0.136286	0.137525	0.05166975148022175	1.7558299039780518e-05	0.13628517091274261
1800	-2.004126	-1.993057	-1.983275	0.134778	0.136280	0.137618	0.05167259536683559	1.7558299039780518e-05	0.1362800896167755
1920	-2.002908	-1.992858	-1.983226	0.134942	0.136308	0.137625	0.05165560506284237	2.6337448559670777e-05	0.13630728423595428
2040	-2.002081	-1.992519	-1.983663	0.135054	0.136354	0.137564	0.05162550322711468	3.9506172839506166e-05	0.13635361194610596
2160	-2.002851	-1.992303	-1.982691	0.134950	0.136383	0.137698	0.051602412946522236	1.7558299039780518e-05	0.13638338446617126
2280	-2.002536	-1.991934	-1.983076	0.134993	0.136434	0.137645	0.05157402064651251	1.7558299039780518e-05	0.13643360137939453
2400	-2.003882	-1.991749	-1.983030	0.134811	0.136459	0.137652	0.05155142955482006	3.9506172839506166e-05	0.13645969331264496
2520	-2.006288	-1.991473	-1.981294	0.134487	0.136498	0.137891	0.05153459869325161	1.7558299039780518e-05	0.13649697601795197
2640	-2.008313	-1.991286	-1.981022	0.134215	0.136524	0.137928	0.05151154603809118	2.6337448559670777e-05	0.1365235447883606
2760	-2.009885	-1.991239	-1.980919	0.134004	0.136531	0.137942	0.05149778518825769	3.9506172839506166e-05	0.1365322768688202
2880	-2.011301	-1.991320	-1.980410	0.133814	0.136520	0.138013	0.05151550844311714	3.9506172839506166e-05	0.13651970028877258
3000	-2.012253	-1.990857	-1.979276	0.133687	0.136584	0.138169	0.05147368777543306	3.9506172839506166e-05	0.13658373057842255
3120	-2.012347	-1.991041	-1.978464	0.133675	0.136559	0.138281	0.05148808229714632	3.9506172839506166e-05	0.1365591287612915
3240	-2.014322	-1.990991	-1.978191	0.133411	0.136567	0.138319	0.051481865160167214	3.9506172839506166e-05	0.1365673840045929
3360	-2.015588	-1.990813	-1.978090	0.133242	0.136592	0.138333	0.0514718808233738	2.6337448559670777e-05	0.13659138977527618
3480	-2.016368	-1.990424	-1.977937	0.133138	0.136646	0.138354	0.05143957398831844	3.9506172839506166e-05	0.13664470613002777
3600	-2.017535	-1.990342	-1.976120	0.132983	0.136658	0.138606	0.051422877423465255	3.9506172839506166e-05	0.13665811717510223
3720	-2.017946	-1.990403	-1.975529	0.132928	0.136650	0.138688	0.05143039375543594	3.9506172839506166e-05	0.13664987683296204
3840	-2.018702	-1.990342	-1.974076	0.132828	0.136659	0.138890	0.05142059698700905	3.9506172839506166e-05	0.13665971159934998
3960	-2.020901	-1.990289	-1.974455	0.132536	0.136668	0.138837	0.05142191685736179	3.9506172839506166e-05	0.13666780292987823
4080	-2.022796	-1.990330	-1.974696	0.132285	0.136664	0.138803	0.05142114385962486	3.9506172839506166e-05	0.13666421175003052
4200	-2.022296	-1.990110	-1.974067	0.132351	0.136694	0.138891	0.051409350521862504	3.9506172839506166e-05	0.13669346272945404
4320	-2.024225	-1.990078	-1.974977	0.132096	0.136700	0.138764	0.051400032825767994	3.9506172839506166e-05	0.13670025765895844
4440	-2.025683	-1.990337	-1.974347	0.131904	0.136666	0.138852	0.05142598431557417	3.9506172839506166e-05	0.13666579127311707
4560	-2.027010	-1.990503	-1.974779	0.131729	0.136645	0.138792	0.05143507216125727	3.9506172839506166e-05	0.13664619624614716
4680	-2.029101	-1.990438	-1.973436	0.131454	0.136656	0.138978	0.0514350239187479	3.9506172839506166e-05	0.13665592670440674
4800	-2.029483	-1.990913	-1.973912	0.131403	0.136592	0.138912	0.051475700736045835	3.9506172839506166e-05	0.13659223914146423
4920	-2.030071	-1.990539	-1.973016	0.131326	0.136645	0.139037	0.051451883278787136	3.9506172839506166e-05	0.13664399087429047
5040	-2.031693	-1.990692	-1.971578	0.131113	0.136627	0.139237	0.05145842060446739	3.9506172839506166e-05	0.1366267055273056
5160	-2.033760	-1.990665	-1.971024	0.130843	0.136633	0.139314	0.05145181193947792	3.9506172839506166e-05	0.13663312792778015
5280	-2.035576	-1.990603	-1.969621	0.130605	0.136643	0.139510	0.05145106483250857	3.9506172839506166e-05	0.13664275407791138
5400	-2.039558	-1.990753	-1.969172	0.130086	0.136626	0.139572	0.05146081130951643	3.9506172839506166e-05	0.13662637770175934
5520	-2.041838	-1.990660	-1.968546	0.129790	0.136642	0.139660	0.051459746435284615	3.9506172839506166e-05	0.13664065301418304
5640	-2.044606	-1.990824	-1.968241	0.129431	0.136621	0.139702	0.051465497724711894	5.925925925925925e-05	0.13662181794643402
5760	-2.046747	-1.990736	-1.967573	0.129154	0.136636	0.139796	0.05146278329193592	3.9506172839506166e-05	0.1366361379623413
5880	-2.049331	-1.990904	-1.967183	0.128821	0.136616	0.139850	0.051478542387485504	3.9506172839506166e-05	0.1366153359413147
6000	-2.051219	-1.991049	-1.966977	0.128578	0.136598	0.139879	0.05148727595806122	2.6337448559670777e-05	0.13659833371639252
6120	-2.052511	-1.991039	-1.966988	0.128412	0.136602	0.139878	0.05148967131972313	5.925925925925925e-05	0.1366019994020462
6240	-2.055638	-1.991289	-1.966066	0.128011	0.136570	0.140007	0.05150834172964096	3.9506172839506166e-05	0.1365707665681839
6360	-2.057996	-1.991312	-1.965594	0.127710	0.136569	0.140073	0.051516495458781716	3.9506172839506166e-05	0.13656912744045258
6480	-2.059155	-1.991223	-1.964668	0.127562	0.136583	0.140202	0.051505095697939395	3.9506172839506166e-05	0.13658300042152405
6600	-2.061238	-1.991242	-1.963909	0.127296	0.136583	0.140309	0.051506984420120715	3.9506172839506166e-05	0.13658329844474792
6720	-2.063148	-1.991089	-1.963872	0.127053	0.136607	0.140314	0.051494434289634225	2.6337448559670777e-05	0.13660655915737152
6840	-2.064933	-1.990716	-1.963830	0.126827	0.136659	0.140320	0.05146546214818955	3.9506172839506166e-05	0.13665859401226044
6960	-2.065635	-1.990572	-1.963421	0.126738	0.136682	0.140377	0.05144667141139507	3.9506172839506166e-05	0.1366817206144333
7080	-2.067183	-1.990817	-1.963699	0.126542	0.136650	0.140338	0.05146326888352633	3.9506172839506166e-05	0.13665099442005157
7200	-2.068804	-1.990990	-1.963788	0.126337	0.136628	0.140326	0.05148252584040165	3.9506172839506166e-05	0.13662825524806976
7320	-2.070431	-1.991183	-1.963619	0.126131	0.136605	0.140350	0.05149876549839973	3.9506172839506166e-05	0.13660483062267303
7440	-2.071788	-1.991252	-1.963703	0.125960	0.136596	0.140338	0.05150920990854502	3.9506172839506166e-05	0.13659630715847015
7560	-2.073911	-1.991160	-1.962818	0.125693	0.136611	0.140462	0.05150320250540972	3.9506172839506166e-05	0.1366100162267685
7680	-2.075823	-1.991326	-1.961791	0.125453	0.136590	0.140606	0.05151059441268444	3.9506172839506166e-05	0.13659082353115082
7800	-2.076914	-1.991495	-1.962642	0.125316	0.136569	0.140487	0.05153384115546942	3.9506172839506166e-05	0.13656863570213318
7920	-2.079584	-1.991471	-1.961535	0.124982	0.136576	0.140642	0.051525555178523065	3.9506172839506166e-05	0.1365765631198883
8040	-2.081816	-1.991723	-1.961114	0.124704	0.136545	0.140702	0.05154938660562038	3.9506172839506166e-05	0.13654489815235138
8160	-2.083262	-1.991584	-1.959770	0.124523	0.136566	0.140891	0.051536164991557595	3.9506172839506166e-05	0.13656622171401978
8280	-2.085053	-1.991215	-1.956617	0.124301	0.136620	0.141336	0.05150714125484228	5.925925925925925e-05	0.1366189420223236
8400	-2.086693	-1.991235	-1.956216	0.124097	0.136619	0.141392	0.05150688271969557	3.9506172839506166e-05	0.13661929965019226
8520	-2.087590	-1.991158	-1.954728	0.123986	0.136634	0.141603	0.0514963561668992	5.925925925925925e-05	0.13663487136363983
8640	-2.089735	-1.991262	-1.954203	0.123720	0.136623	0.141677	0.051508354395627974	3.9506172839506166e-05	0.13662311434745789
8760	-2.091542	-1.990986	-1.952607	0.123497	0.136664	0.141904	0.051487346179783344	3.9506172839506166e-05	0.13666357100009918
8880	-2.093554	-1.991068	-1.952656	0.123248	0.136656	0.141897	0.051493425481021406	3.9506172839506166e-05	0.13665540516376495
9000	-2.095721	-1.991186	-1.952052	0.122982	0.136644	0.141982	0.05150002259761095	3.9506172839506166e-05	0.13664455711841583
9120	-2.096726	-1.990937	-1.950799	0.122858	0.136683	0.142160	0.05148045737296343	3.9506172839506166e-05	0.13668276369571686
9240	-2.098581	-1.990898	-1.949119	0.122630	0.136692	0.142399	0.05147320162504911	3.9506172839506166e-05	0.13669253885746002
9360	-2.099322	-1.990722	-1.948379	0.122539	0.136720	0.142505	0.05146470256149769	3.9506172839506166e-05	0.13671904802322388
9480	-2.102129	-1.990976	-1.948354	0.122196	0.136690	0.142508	0.05148298796266317	3.9506172839506166e-05	0.13668958842754364
9600	-2.103861	-1.991005	-1.947482	0.121985	0.136689	0.142633	0.051486087031662464	3.9506172839506166e-05	0.13668909668922424
9720	-2.106330	-1.990828	-1.945757	0.121684	0.136719	0.142879	0.05146919954568148	3.9506172839506166e-05	0.13671937584877014
9840	-2.106495	-1.990818	-1.945989	0.121664	0.136723	0.142846	0.051465672254562375	5.925925925925925e-05	0.1367238610982895
9960	-2.108670	-1.990638	-1.945328	0.121399	0.136754	0.142940	0.0514509504660964	5.925925925925925e-05	0.13675419986248016
10080	-2.110574	-1.990917	-1.943985	0.121168	0.136721	0.143132	0.05148098170757294	3.9506172839506166e-05	0.13672053813934326
10200	-2.111916	-1.990736	-1.941533	0.121006	0.136751	0.143484	0.0514520900323987	3.9506172839506166e-05	0.13675262033939362
10320	-2.114616	-1.990888	-1.941336	0.120680	0.136734	0.143512	0.051473253220319745	3.9506172839506166e-05	0.13673436641693115
10440	-2.116960	-1.990681	-1.939813	0.120397	0.136768	0.143731	0.0514652905985713	3.9506172839506166e-05	0.13676685094833374
10560	-2.117917	-1.990711	-1.940110	0.120282	0.136766	0.143688	0.05145717523992062	3.9506172839506166e-05	0.13676679134368896
10680	-2.119938	-1.990577	-1.939010	0.120039	0.136791	0.143846	0.05145432855933905	3.9506172839506166e-05	0.13679011166095734
10800	-2.121290	-1.990556	-1.937645	0.119877	0.136799	0.144043	0.051445113681256774	3.9506172839506166e-05	0.13679884374141693
10920	-2.123026	-1.990288	-1.936496	0.119669	0.136841	0.144208	0.05142480377107859	3.9506172839506166e-05	0.13683994114398956
11040	-2.126148	-1.990165	-1.936120	0.119296	0.136865	0.144263	0.05141749363392591	3.9506172839506166e-05	0.1368640810251236
11160	-2.128777	-1.990027	-1.934853	0.118983	0.136891	0.144446	0.05139667224138975	3.9506172839506166e-05	0.13689124584197998
11280	-2.131493	-1.989995	-1.934872	0.118660	0.136904	0.144443	0.05139857791364193	3.9506172839506166e-05	0.13690315186977386
11400	-2.133751	-1.989849	-1.934029	0.118392	0.136932	0.144565	0.05138123407959938	3.9506172839506166e-05	0.13693177700042725
11520	-2.135879	-1.989709	-1.932446	0.118141	0.136957	0.144794	0.05137535836547613	3.9506172839506166e-05	0.13695573806762695
11640	-2.137101	-1.989459	-1.930791	0.117996	0.136997	0.145033	0.0513515280559659	3.9506172839506166e-05	0.13699620962142944
11760	-2.138736	-1.989091	-1.931623	0.117804	0.137054	0.144913	0.05131555311381817	3.9506172839506166e-05	0.13705402612686157
11880	-2.139893	-1.989020	-1.930937	0.117667	0.137066	0.145012	0.0513086998835206	3.9506172839506166e-05	0.13706617057323456
12000	-2.142655	-1.989216	-1.930939	0.117343	0.137045	0.145012	0.05132294502109289	3.9506172839506166e-05	0.13704483211040497
12120	-2.144039	-1.988947	-1.929763	0.117181	0.137087	0.145183	0.05129974763840437	3.9506172839506166e-05	0.1370874047279358
12240	-2.145992	-1.988682	-1.929090	0.116952	0.137130	0.145280	0.051276518031954765	3.9506172839506166e-05	0.13713042438030243
12360	-2.148904	-1.988607	-1.929299	0.116612	0.137146	0.145250	0.05127428080886602	3.9506172839506166e-05	0.13714566826820374
12480	-2.150398	-1.988637	-1.928519	0.116438	0.137148	0.145363	0.05127191673964262	3.9506172839506166e-05	0.13714765012264252
12600	-2.151753	-1.988340	-1.927759	0.116280	0.137195	0.145474	0.05124877858906984	3.9506172839506166e-05	0.1371949017047882
12720	-2.153129	-1.988156	-1.926265	0.116120	0.137223	0.145691	0.05122040137648583	5.925925925925925e-05	0.13722465932369232
12840	-2.155770	-1.988275	-1.926724	0.115814	0.137214	0.145625	0.05123867318034172	3.9506172839506166e-05	0.13721396028995514
12960	-2.157715	-1.988093	-1.923764	0.115589	0.137247	0.146056	0.05122502073645592	3.9506172839506166e-05	0.13724669814109802
13080	-2.160314	-1.987592	-1.922557	0.115289	0.137322	0.146233	0.05117825902998448	5.925925925925925e-05	0.13732197880744934
13200	-2.162915	-1.987687	-1.921445	0.114989	0.137316	0.146395	0.05118735302239656	5.925925925925925e-05	0.1373160034418106
13320	-2.165580	-1.987715	-1.919792	0.114683	0.137320	0.146637	0.05118956882506609	3.9506172839506166e-05	0.13731977343559265
13440	-2.167985	-1.987906	-1.918285	0.114408	0.137304	0.146859	0.05120585262775421	5.925925925925925e-05	0.13730333745479584
13560	-2.170291	-1.988052	-1.916979	0.114144	0.137292	0.147051	0.051218293234705926	5.925925925925925e-05	0.13729138672351837
13680	-2.173625	-1.987700	-1.915896	0.113764	0.137350	0.147210	0.05118793901056051	2.6337448559670777e-05	0.13735051453113556
13800	-2.176208	-1.987581	-1.915998	0.113471	0.137375	0.147195	0.05117757096886635	3.9506172839506166e-05	0.13737498223781586
13920	-2.178015	-1.987318	-1.914213	0.113266	0.137418	0.147458	0.051157348603010175	3.9506172839506166e-05	0.13741788268089294
14040	-2.178771	-1.986738	-1.912717	0.113181	0.137503	0.147679	0.05110670775175095	3.9506172839506166e-05	0.13750264048576355
14160	-2.180105	-1.986459	-1.910869	0.113030	0.137549	0.147952	0.05107649639248848	2.6337448559670777e-05	0.13754864037036896
14280	-2.182621	-1.986223	-1.909106	0.112746	0.137591	0.148213	0.051055935025215146	3.9506172839506166e-05	0.13759084045886993
14400	-2.185313	-1.986157	-1.907869	0.112442	0.137606	0.148396	0.05105078276246786	3.9506172839506166e-05	0.13760539889335632
14520	-2.187179	-1.985804	-1.907344	0.112233	0.137665	0.148474	0.051018540561199185	3.9506172839506166e-05	0.13766475021839142
14640	-2.188930	-1.985374	-1.906640	0.112037	0.137734	0.148579	0.05098144747316837	5.925925925925925e-05	0.13773342967033386
14760	-2.190757	-1.985011	-1.905996	0.111832	0.137792	0.148674	0.05094610657542944	5.925925925925925e-05	0.1377919465303421
14880	-2.191730	-1.984507	-1.904056	0.111723	0.137868	0.148963	0.050898490473628044	2.6337448559670777e-05	0.1378690004348755
15000	-2.193833	-1.984292	-1.905466	0.111489	0.137906	0.148753	0.05088134668767452	3.9506172839506166e-05	0.13790588080883026
15120	-2.195636	-1.984276	-1.904089	0.111288	0.137915	0.148958	0.05088540259748697	3.9506172839506166e-05	0.1379144787788391
15240	-2.198902	-1.983711	-1.903192	0.110925	0.138007	0.149092	0.05083213858306408	3.9506172839506166e-05	0.13800665736198425
15360	-2.201432	-1.983482	-1.903030	0.110645	0.138047	0.149116	0.05080487504601479	3.9506172839506166e-05	0.13804756104946136
15480	-2.204249	-1.982865	-1.900825	0.110333	0.138143	0.149445	0.05075996182858944	2.6337448559670777e-05	0.13814222812652588
15600	-2.205732	-1.982499	-1.900689	0.110170	0.138202	0.149466	0.05072206035256386	3.9506172839506166e-05	0.13820123672485352
15720	-2.207314	-1.982219	-1.901077	0.109996	0.138247	0.149408	0.05070490390062332	3.9506172839506166e-05	0.13824506103992462
15840	-2.209229	-1.982258	-1.901094	0.109785	0.138249	0.149405	0.05070454776287079	3.9506172839506166e-05	0.13824830949306488
15960	-2.211274	-1.982137	-1.902053	0.109561	0.138276	0.149262	0.050683663226664066	3.9506172839506166e-05	0.13827621936798096
16080	-2.212402	-1.982006	-1.901574	0.109437	0.138299	0.149333	0.05067708119750023	3.9506172839506166e-05	0.13829943537712097
16200	-2.212429	-1.981838	-1.901008	0.109435	0.138328	0.149418	0.05066286139190197	3.9506172839506166e-05	0.13832761347293854
16320	-2.213797	-1.981702	-1.899661	0.109285	0.138355	0.149619	0.05065014753490686	3.9506172839506166e-05	0.1383548527956009
16440	-2.216524	-1.981539	-1.898474	0.108987	0.138393	0.149797	0.050634611025452615	3.9506172839506166e-05	0.13839280605316162
16560	-2.218855	-1.981093	-1.898119	0.108734	0.138463	0.149850	0.050597520917654036	3.9506172839506166e-05	0.13846249878406525
16680	-2.222728	-1.981015	-1.896398	0.108313	0.138489	0.150108	0.05059057455509901	5.925925925925925e-05	0.1384887546300888
16800	-2.226430	-1.980898	-1.894203	0.107913	0.138523	0.150438	0.050577331148087976	3.9506172839506166e-05	0.13852272927761078
16920	-2.228593	-1.980868	-1.893591	0.107680	0.138537	0.150530	0.05058081410825253	5.925925925925925e-05	0.1385355144739151
17040	-2.231218	-1.980854	-1.893659	0.107398	0.138550	0.150520	0.05056814905256033	3.9506172839506166e-05	0.1385500282049179
17160	-2.232761	-1.980790	-1.893251	0.107232	0.138566	0.150582	0.05056563280522823	3.9506172839506166e-05	0.13856622576713562
17280	-2.235246	-1.980632	-1.894611	0.106966	0.138599	0.150377	0.05055365990847349	3.9506172839506166e-05	0.13859866559505463
17400	-2.237318	-1.980559	-1.894614	0.106744	0.138619	0.150376	0.05054924674332142	3.9506172839506166e-05	0.13861817121505737
17520	-2.240331	-1.979934	-1.893034	0.106423	0.138719	0.150614	0.050496417470276354	2.6337448559670777e-05	0.13871844112873077
17640	-2.240884	-1.979594	-1.891120	0.106364	0.138775	0.150903	0.05045973099768162	2.6337448559670777e-05	0.13877524435520172
17760	-2.243594	-1.979826	-1.891319	0.106077	0.138752	0.150873	0.05048000775277615	3.9506172839506166e-05	0.1387515664100647
17880	-2.245373	-1.979623	-1.890062	0.105888	0.138794	0.151062	0.050464749708771704	3.9506172839506166e-05	0.13879305124282837
18000	-2.248208	-1.979543	-1.890235	0.105588	0.138816	0.151036	0.05045180283486843	3.9506172839506166e-05	0.13881610333919525
18120	-2.249920	-1.979423	-1.889965	0.105408	0.138842	0.151077	0.05045139640569687	2.6337448559670777e-05	0.13884146511554718
18240	-2.251551	-1.979359	-1.888704	0.105236	0.138863	0.151268	0.05043690502643585	3.9506172839506166e-05	0.1388631910085678
18360	-2.253029	-1.979223	-1.888044	0.105080	0.138893	0.151368	0.05042566638439894	3.9506172839506166e-05	0.13889355957508087
18480	-2.254585	-1.979070	-1.888111	0.104917	0.138922	0.151358	0.05041210744529963	3.9506172839506166e-05	0.13892167806625366
18600	-2.257093	-1.978517	-1.886806	0.104654	0.139013	0.151555	0.05036851521581411	3.9506172839506166e-05	0.13901245594024658
18720	-2.258518	-1.978457	-1.887068	0.104505	0.139032	0.151515	0.05035652704536915	2.6337448559670777e-05	0.13903184235095978
18840	-2.258658	-1.978070	-1.886532	0.104491	0.139092	0.151597	0.050322792306542394	3.9506172839506166e-05	0.1390918791294098
18960	-2.260648	-1.978047	-1.885956	0.104283	0.139109	0.151684	0.05032060518860817	3.9506172839506166e-05	0.1391085684299469
19080	-2.262187	-1.977599	-1.883734	0.104122	0.139183	0.152021	0.0502861300483346	5.925925925925925e-05	0.13918229937553406
19200	-2.262878	-1.977244	-1.883098	0.104051	0.139243	0.152118	0.05024989042431116	3.9506172839506166e-05	0.13924209773540497
19320	-2.264130	-1.977112	-1.881680	0.103920	0.139273	0.152334	0.05023292452096939	5.925925925925925e-05	0.13927356898784637
19440	-2.266788	-1.977049	-1.880236	0.103645	0.139296	0.152554	0.05023203752934933	5.925925925925925e-05	0.1392953097820282
19560	-2.268629	-1.977185	-1.878914	0.103454	0.139290	0.152756	0.050238055549561976	3.9506172839506166e-05	0.139290452003479
19680	-2.271130	-1.977100	-1.878009	0.103195	0.139315	0.152894	0.05023113619536161	3.9506172839506166e-05	0.13931557536125183
19800	-2.273548	-1.977150	-1.878427	0.102946	0.139321	0.152830	0.050228900648653506	3.9506172839506166e-05	0.13932238519191742
19920	-2.274822	-1.976911	-1.877612	0.102815	0.139367	0.152955	0.05022190771996975	3.9506172839506166e-05	0.13936634361743927
20040	-2.276303	-1.976676	-1.876893	0.102663	0.139412	0.153065	0.05020090229809284	5.925925925925925e-05	0.13941124081611633
20160	-2.277546	-1.976510	-1.875894	0.102536	0.139448	0.153218	0.05018295254558325	3.9506172839506166e-05	0.13944745063781738
20280	-2.278642	-1.976029	-1.876849	0.102423	0.139526	0.153072	0.05013699419796467	3.9506172839506166e-05	0.13952645659446716
20400	-2.280762	-1.975864	-1.876095	0.102206	0.139565	0.153187	0.05012664552778005	5.925925925925925e-05	0.13956396281719208
20520	-2.282868	-1.975620	-1.875261	0.101991	0.139613	0.153315	0.05010244138538837	3.9506172839506166e-05	0.13961276412010193
20640	-2.285543	-1.975215	-1.874713	0.101719	0.139687	0.153399	0.05006928816437721	3.9506172839506166e-05	0.1396864652633667
20760	-2.287178	-1.974875	-1.873620	0.101553	0.139745	0.153567	0.05004125516861677	3.9506172839506166e-05	0.13974358141422272
20880	-2.289543	-1.974829	-1.872659	0.101313	0.139764	0.153714	0.05003028344362974	3.9506172839506166e-05	0.13976414501667023
21000	-2.291067	-1.974648	-1.872870	0.101158	0.139800	0.153682	0.050013449788093564	3.9506172839506166e-05	0.1398000866174698
21120	-2.293433	-1.974445	-1.872918	0.100919	0.139840	0.153675	0.049998247250914576	3.9506172839506166e-05	0.13983981311321259
21240	-2.295004	-1.974325	-1.873238	0.100761	0.139866	0.153625	0.04998552706092596	3.9506172839506166e-05	0.13986526429653168
21360	-2.296254	-1.973913	-1.872270	0.100635	0.139931	0.153774	0.049948481097817424	3.9506172839506166e-05	0.13993112742900848
21480	-2.298503	-1.973506	-1.870708	0.100409	0.140003	0.154015	0.049910607375204565	3.9506172839506166e-05	0.14000342786312103
21600	-2.300228	-1.973455	-1.869600	0.100236	0.140021	0.154185	0.049908128939568995	3.9506172839506166e-05	0.14002084732055664
21720	-2.302766	-1.973215	-1.868425	0.099982	0.140069	0.154367	0.049884159490466116	3.9506172839506166e-05	0.14006948471069336
21840	-2.304227	-1.972785	-1.866473	0.099836	0.140143	0.154668	0.04985278695821762	3.9506172839506166e-05	0.1401418149471283
21960	-2.306523	-1.972657	-1.865173	0.099607	0.140173	0.154869	0.04983656480908394	3.9506172839506166e-05	0.14017270505428314
22080	-2.309092	-1.972549	-1.864129	0.099351	0.140204	0.155031	0.04982529226690531	3.9506172839506166e-05	0.14020392298698425
22200	-2.310934	-1.972171	-1.864026	0.099169	0.140273	0.155047	0.049797876924276355	5.925925925925925e-05	0.1402713805437088
22320	-2.314031	-1.971732	-1.862526	0.098862	0.140348	0.155280	0.049755456671118733	3.9506172839506166e-05	0.14034759998321533
22440	-2.316534	-1.971233	-1.860435	0.098615	0.140433	0.155605	0.049711482413113114	3.9506172839506166e-05	0.14043156802654266
22560	-2.318419	-1.971256	-1.858253	0.098429	0.140441	0.155945	0.04970949906855822	2.6337448559670777e-05	0.1404414176940918
22680	-2.320249	-1.971174	-1.857944	0.098249	0.140462	0.155993	0.049699300155043605	3.9506172839506166e-05	0.14046217501163483
22800	-2.322706	-1.970608	-1.856093	0.098008	0.140556	0.156282	0.04965409263968468	3.9506172839506166e-05	0.1405554860830307
22920	-2.324506	-1.970437	-1.854574	0.097832	0.140588	0.156520	0.04964023549109697	5.925925925925925e-05	0.14058668911457062
23040	-2.325996	-1.969838	-1.852928	0.097686	0.140685	0.156777	0.049588962271809575	5.925925925925925e-05	0.14068421721458435
23160	-2.326382	-1.969401	-1.852183	0.097648	0.140750	0.156894	0.049543258547782895	3.9506172839506166e-05	0.14074952900409698
23280	-2.328015	-1.969365	-1.851270	0.097489	0.140767	0.157038	0.0495379600673914	3.9506172839506166e-05	0.14076700806617737
23400	-2.329163	-1.969263	-1.851298	0.097377	0.140789	0.157033	0.049531317129731176	3.9506172839506166e-05	0.14078839123249054
23520	-2.330972	-1.969300	-1.850934	0.097201	0.140797	0.157090	0.049532946199178696	2.6337448559670777e-05	0.1407972127199173
23640	-2.332128	-1.969719	-1.851259	0.097089	0.140744	0.157039	0.04956940710544586	3.9506172839506166e-05	0.14074398577213287
23760	-2.334354	-1.969536	-1.849502	0.096873	0.140788	0.157315	0.049561836011707786	3.9506172839506166e-05	0.140786811709404
23880	-2.336286	-1.969331	-1.850361	0.096686	0.140826	0.157180	0.04953017570078373	3.9506172839506166e-05	0.14082682132720947
24000	-2.337197	-1.968664	-1.847081	0.096598	0.140932	0.157697	0.04947741590440273	5.925925925925925e-05	0.1409313678741455
24120	-2.340122	-1.968525	-1.846220	0.096316	0.140967	0.157833	0.049466852098703384	3.9506172839506166e-05	0.14096640050411224
24240	-2.343210	-1.968608	-1.845539	0.096019	0.140973	0.157940	0.049469763040542604	3.9506172839506166e-05	0.1409723162651062
24360	-2.344724	-1.968229	-1.844705	0.095874	0.141045	0.158072	0.04943918567150831	2.6337448559670777e-05	0.14104409515857697
24480	-2.346775	-1.967918	-1.843787	0.095677	0.141106	0.158217	0.04940723367035389	2.6337448559670777e-05	0.1411059945821762
24600	-2.348931	-1.967590	-1.844212	0.095471	0.141163	0.158150	0.04938090555369854	3.9506172839506166e-05	0.14116261899471283
24720	-2.352152	-1.967600	-1.843818	0.095164	0.141178	0.158212	0.04937923476099968	3.9506172839506166e-05	0.14117835462093353
24840	-2.353280	-1.967570	-1.842636	0.095057	0.141196	0.158399	0.049382972344756124	3.9506172839506166e-05	0.14119504392147064
24960	-2.355296	-1.967183	-1.841182	0.094865	0.141266	0.158630	0.0493424192070961	3.9506172839506166e-05	0.14126577973365784
25080	-2.356272	-1.966900	-1.839934	0.094773	0.141313	0.158828	0.04932068549096584	3.9506172839506166e-05	0.14131291210651398
25200	-2.358794	-1.966339	-1.840977	0.094534	0.141409	0.158662	0.04927118755877018	3.9506172839506166e-05	0.14140763878822327
25320	-2.361189	-1.965967	-1.840353	0.094308	0.141477	0.158761	0.04923394955694675	3.9506172839506166e-05	0.1414766013622284
25440	-2.361896	-1.965612	-1.838737	0.094241	0.141540	0.159018	0.049202509224414825	3.9506172839506166e-05	0.14153990149497986
25560	-2.364183	-1.965277	-1.836795	0.094026	0.141604	0.159327	0.04917614199221134	3.9506172839506166e-05	0.14160342514514923
25680	-2.365251	-1.964802	-1.834681	0.093926	0.141688	0.159664	0.04913132768124342	2.6337448559670777e-05	0.141687273979187
25800	-2.366998	-1.964521	-1.833030	0.093762	0.141740	0.159928	0.049104921892285346	2.6337448559670777e-05	0.14173945784568787
25920	-2.368559	-1.964278	-1.832175	0.093616	0.141797	0.160065	0.04907830096781254	5.925925925925925e-05	0.1417972594499588
26040	-2.369713	-1.963806	-1.830853	0.093508	0.141880	0.160277	0.04903560280799866	3.9506172839506166e-05	0.1418807953596115
26160	-2.370813	-1.963581	-1.829623	0.093405	0.141925	0.160474	0.04901827797293663	3.9506172839506166e-05	0.14192496240139008
26280	-2.373414	-1.963459	-1.829411	0.093162	0.141956	0.160508	0.049014294520020485	3.9506172839506166e-05	0.1419544816017151
26400	-2.374964	-1.962821	-1.828675	0.093018	0.142058	0.160626	0.04895145110785961	2.6337448559670777e-05	0.14205783605575562
26520	-2.378065	-1.962692	-1.827993	0.092730	0.142093	0.160736	0.04894001837819815	2.6337448559670777e-05	0.14209230244159698
26640	-2.378932	-1.962450	-1.828344	0.092649	0.142138	0.160679	0.04891990274190903	3.9506172839506166e-05	0.1421373039484024
26760	-2.380271	-1.962254	-1.828772	0.092526	0.142176	0.160611	0.048901583440601824	3.9506172839506166e-05	0.14217546582221985
